1000
4078069773
16767444
16766212
16765609
16755476
16729304
16716321
16712505
16711599
16693184
16673967
16620872
16615570
16603610
16589513
16551921
16506981
16478857
16477616
16464213
16442806
16432987
16427041
16420997
16411683
16406557
16391418
16390595
16363539
16351465
16338511
16289794
16266744
16243476
16239989
16229062
16182093
16178348
16168496
16161242
16160053
16140776
16033811
16024579
16024522
16022214
15980570
15971897
15961450
15942292
15932801
15896748
15883693
15881225
15873498
15841465
15837990
15815207
15806343
15789931
15755050
15741802
15722123
15648662
15645781
15614109
15613214
15612085
15600240
15588899
15576900
15563209
15539188
15530677
15519928
15508899
15503844
15485136
15469200
15455241
15454287
15440937
15410349
15370636
15357151
15353814
15325546
15315277
15314396
15313228
15240669
15218099
15204635
15192388
15180911
15170382
15169850
15165255
15152678
15110498
15090050
15088391
15035864
15031681
15031566
15011682
14971079
14961898
14930038
14923355
14920968
14874188
14824755
14809291
14795597
14792494
14767951
14761889
14759023
14756615
14747804
14734249
14731350
14728961
14720400
14678688
14664001
14637532
14623409
14616609
14608979
14602477
14518788
14512753
14512337
14481026
14465038
14442918
14407341
14390834
14388033
14383314
14365632
14307169
14295525
14274790
14269113
14261176
14239403
14216426
14216084
14177342
14152010
14145837
14139555
14116914
14089412
14074758
14069755
14039655
14021851
13977311
13956371
13923522
13923036
13916258
13911581
13901864
13885323
13879857
13817815
13797793
13794334
13787606
13786366
13776535
13773296
13768303
13755560
13732064
13726581
13687727
13683509
13645065
13629569
13608728
13552661
13502563
13493780
13452321
13445370
13418137
13382540
13381902
13373889
13350123
13299158
13282635
13279360
13271387
13239395
13229015
13220963
13202433
13192933
13161646
13127395
13119260
13093855
13030757
13019895
13013418
12991501
12978937
12922780
12861750
12854574
12837912
12832013
12821808
12798297
12787317
12783295
12783294
12752699
12741987
12738526
12726099
12721567
12718279
12701148
12697489
12676773
12650487
12603321
12593245
12582258
12580181
12556255
12548898
12528159
12521089
12494668
12493315
12475507
12470891
12457242
12428078
12398224
12390856
12356800
12344916
12315518
12302276
12290649
12241877
12238232
12230330
12220149
12213160
12209760
12207215
12179675
12151058
12103926
12096067
12095250
12039665
12038447
12021221
12006633
11985861
11982014
11975260
11968864
11966616
11951649
11945824
11942417
11914295
11894956
11866714
11833999
11814727
11777339
11765398
11761080
11752220
11702323
11693611
11690500
11690265
11639607
11623660
11546840
11543558
11493895
11477607
11471519
11456736
11409603
11408560
11406824
11371710
11301766
11284403
11266238
11242024
11234635
11233466
11210395
11150869
11148743
11128300
11116700
11108440
11079255
11050638
11050504
11003201
10973658
10971026
10967115
10963400
10953342
10937503
10871616
10815254
10815129
10803615
10790173
10778054
10776856
10770705
10762718
10695208
10682482
10675713
10671971
10646686
10636795
10633825
10555274
10540233
10533153
10515375
10502323
10474040
10468103
10438669
10421627
10420282
10409854
10409433
10408814
10407444
10393803
10375587
10340506
10340187
10332114
10319588
10310689
10296264
10288948
10244974
10222710
10171074
10118957
10094138
10085330
10057897
10044895
10029410
10024634
10016354
9995919
9940655
9925436
9919279
9898754
9894175
9881430
9841946
9826979
9823532
9811278
9798861
9794586
9720085
9709959
9703061
9702812
9702491
9691913
9681012
9635110
9634040
9630325
9625108
9613150
9593323
9583435
9581217
9579691
9558553
9519040
9498656
9496837
9422734
9419617
9414045
9409734
9380516
9357362
9348603
9331118
9329382
9319839
9282479
9259832
9223069
9192713
9164285
9148077
9143876
9140461
9127568
9120711
9116988
9108564
9056304
9055059
9043655
9029568
9026651
9024702
9023412
9021062
9011846
9007073
8996235
8986374
8979174
8951589
8942894
8939559
8923592
8916137
8911218
8909623
8897476
8879569
8873896
8850909
8849686
8840452
8818260
8786654
8780282
8763994
8746151
8722873
8721809
8708853
8702864
8698187
8685595
8675247
8655353
8623971
8613733
8605421
8597566
8596588
8585116
8569937
8563868
8563661
8500050
8480885
8470588
8419532
8413375
8400469
8396357
8367609
8363959
8346186
8344131
8328817
8301865
8291227
8270938
8269778
8269587
8258228
8257854
8255389
8217057
8212947
8186194
8180820
8176002
8162471
8146162
8138898
8118228
8095180
8071045
8024663
7995716
7994660
7982789
7982520
7976635
7969490
7922089
7907951
7781923
7765898
7760407
7741224
7699882
7694214
7683454
7652473
7630649
7628854
7627699
7581397
7532364
7475822
7458367
7457105
7427417
7404299
7388223
7359556
7348044
7329558
7327369
7318688
7313994
7296915
7264944
7258659
7249214
7227804
7216500
7184262
7183993
7175004
7171096
7153423
7133550
7124870
7123274
7109102
7071983
7038586
7027995
7016811
7011558
6891033
6888571
6885128
6866393
6863089
6838288
6827088
6779873
6776833
6759710
6759562
6748996
6746650
6736847
6717762
6686620
6583992
6561072
6560883
6553377
6550826
6544253
6541689
6524292
6509885
6506545
6493304
6467240
6416632
6384393
6382874
6380555
6353949
6332395
6254143
6227722
6224723
6210146
6205690
6167935
6161489
6138379
6136462
6123276
6110122
6090462
6089663
6081430
6078214
6071509
6045924
6022212
5949056
5947086
5923233
5910283
5903891
5876979
5867082
5854461
5850720
5843425
5820001
5812220
5804065
5795541
5770870
5762782
5753231
5736069
5721265
5679187
5675187
5664307
5657711
5635445
5631133
5630400
5608800
5605814
5587934
5586390
5584696
5565992
5559006
5553907
5538188
5513678
5502639
5477127
5451868
5440721
5437231
5404703
5400620
5371363
5363527
5330817
5325775
5308705
5308219
5305980
5300253
5299534
5275591
5253155
5249041
5241321
5228217
5206680
5184321
5177834
5101718
5100049
5082205
5053114
5042164
5030060
5000115
4963298
4959545
4952599
4921617
4891630
4890010
4882617
4870764
4868946
4858541
4856720
4841579
4827565
4806725
4801833
4801265
4792637
4767605
4761087
4751944
4673932
4671896
4662764
4652894
4633798
4624538
4616985
4610098
4592465
4589104
4557873
4554724
4540150
4536588
4528944
4524889
4523228
4522934
4513817
4495990
4483683
4469580
4440066
4420542
4416631
4373377
4373368
4372984
4358763
4350228
4319591
4293407
4292584
4264258
4253598
4225993
4180612
4133017
4119321
4115255
4101859
4002504
3963377
3931890
3922717
3922183
3907093
3902657
3891957
3861688
3834432
3769915
3760311
3760106
3736586
3719764
3702430
3682662
3682461
3682304
3679766
3670900
3642772
3625203
3598121
3589808
3579773
3579403
3566254
3553739
3549971
3535920
3530606
3490589
3478269
3453853
3442460
3410415
3383993
3378951
3330954
3309442
3281873
3279830
3279101
3259197
3247089
3242298
3233593
3206965
3174211
3145264
3135597
3123424
3108439
3106816
3088126
3079726
3075301
3071838
3054797
3052906
3046193
3039775
3033683
3000377
2996834
2993451
2978303
2969083
2965078
2957620
2949037
2915716
2888174
2877288
2872778
2870456
2861916
2833317
2823425
2794726
2787894
2787688
2756710
2755918
2741634
2725203
2717199
2713654
2702532
2675663
2639616
2630154
2625957
2590329
2578239
2575724
2559113
2553829
2533756
2500062
2498856
2498364
2495931
2480710
2473004
2456716
2409726
2406943
2374719
2353370
2334446
2303843
2272391
2260565
2255105
2240082
2237734
2225370
2209428
2165786
2160299
2148097
2145520
2133982
2110667
2109477
2106938
2102915
2095840
2052284
2047511
1985051
1974028
1972904
1951314
1939169
1916924
1911524
1909725
1894124
1881417
1873860
1862962
1856662
1842299
1820989
1800361
1799346
1764999
1763534
1757950
1753899
1743128
1684481
1674272
1663077
1656353
1638681
1624402
1568077
1536725
1520059
1510254
1492606
1472209
1465847
1452009
1445836
1442641
1436595
1400883
1349913
1333025
1332384
1299031
1274472
1251331
1224230
1201938
1190927
1152844
1140456
1132602
1125083
1122244
1088101
1087917
1054174
1021041
1001802
965347
949430
936249
931170
875598
875417
860175
855848
853389
810705
795518
789279
780713
766555
733900
726922
724336
662281
654596
628682
610367
585643
582714
580683
553429
548802
536538
528290
512701
501642
496978
466586
451423
450433
438614
436492
414532
390892
382617
375009
371988
330733
310521
299940
290403
278773
252926
234310
229775
209159
188649
177118
176333
152468
132934
126233
123671
120700
90495
57184
54701
40871
36170
35184
30654
836